[gd_scene load_steps=12 format=2]

[ext_resource path="res://Planet.gd" type="Script" id=1]
[ext_resource path="res://materials/PlanetForest.material" type="Material" id=2]
[ext_resource path="res://Clouds.gd" type="Script" id=3]
[ext_resource path="res://materials/Cloud.material" type="Material" id=4]
[ext_resource path="res://materials/Ocean.material" type="Material" id=5]

[sub_resource type="SphereMesh" id=1]
radius = 5.0
height = 10.0
radial_segments = 32
rings = 16

[sub_resource type="Gradient" id=2]
offsets = PoolRealArray( 0, 0.423077, 1 )
colors = PoolColorArray( 0.00485229, 0, 0.621094, 1, 0.429337, 0.429808, 0.441406, 1, 1, 1, 1, 1 )

[sub_resource type="GradientTexture" id=3]
gradient = SubResource( 2 )

[sub_resource type="SpatialMaterial" id=4]
albedo_texture = SubResource( 3 )

[sub_resource type="ProceduralSky" id=5]
sky_top_color = Color( 0, 0, 0, 1 )
sky_horizon_color = Color( 0, 0, 0, 1 )
ground_bottom_color = Color( 0, 0, 0, 1 )
ground_horizon_color = Color( 0, 0, 0, 1 )

[sub_resource type="Environment" id=6]
background_mode = 1
background_sky = SubResource( 5 )
dof_blur_far_distance = 40.0

[node name="Spatial" type="Spatial"]

[node name="PlanetSnow" type="MeshInstance" parent="."]
transform = Transform( 0.830315, 0, 0.557294, 0, 1, 0, -0.557294, 0, 0.830315, 0, 0, 0 )
mesh = SubResource( 1 )
material/0 = null
script = ExtResource( 1 )
raise_land_ops = 250
raise_radius = 4
land_height = 0.3
radius = 20.0
subdivisions = 5
rotation_rate = 0.628
land_material = SubResource( 4 )
ocean_material = ExtResource( 5 )

[node name="CloudsSnow" type="MeshInstance" parent="."]
script = ExtResource( 3 )
cloud_depth = 0.3
cloud_count = 40
cloud_vertices = 4
cloud_radius = 2.4
radius = 22.5
subdivisions = 5
rotation_rate = 1.257
cloud_material = ExtResource( 4 )

[node name="PlanetForest" type="MeshInstance" parent="."]
transform = Transform( 0.830315, 0, 0.557294, 0, 1, 0, -0.557294, 0, 0.830315, 33.9322, 0, -67.2826 )
mesh = SubResource( 1 )
material/0 = null
script = ExtResource( 1 )
raise_land_ops = 350
raise_radius = 4
land_height = 0.35
ocean_height = 0.6
radius = 20.0
subdivisions = 5
rotation_rate = -1.257
land_material = ExtResource( 2 )
ocean_material = ExtResource( 5 )

[node name="CloudsForest" type="MeshInstance" parent="."]
transform = Transform( 1, 0, 0, 0, 1, 0, 0, 0, 1, 33.9322, 0, -67.2826 )
script = ExtResource( 3 )
cloud_depth = 0.3
cloud_count = 40
cloud_vertices = 4
cloud_radius = 2.5
radius = 23.5
subdivisions = 5
rotation_rate = -0.628
cloud_material = ExtResource( 4 )

[node name="Camera" type="Camera" parent="."]
transform = Transform( 0.873552, -0.142761, 0.465324, 0, 0.956019, 0.293306, -0.486731, -0.256218, 0.835132, 41.1683, 17.5037, 32.5494 )
environment = SubResource( 6 )

[node name="DirectionalLight" type="DirectionalLight" parent="."]
transform = Transform( 1, 0, 0, 0, 0.76591, 0.642948, 0, -0.642948, 0.76591, 15.7253, 0, 4.89333 )
shadow_enabled = true
shadow_color = Color( 0.466667, 0.466667, 0.466667, 1 )
